0.122173
0.006981
0.087266
0.261799
0.698132
0.104720
0.157080
0.087266
0.000000
0.366519

0.440795
0.300000
0.500000
0.210000
0.100000
0.811953
0.511230
0.508238
0.502409
0.499568

8.168141
0.000105
792.751468
2.094395
1.047198
47.123890
36.651914
-209.439510
31.415927
7.330383

4.817109
396.319793
418.879020
3.141593
-10.471976
157.079633
36.651914
78.539816
125.663706
6.806784

10.000000
-1000.000000
0.000000
200.000000
10.000000
-10.000000
44.450101
1000.000000
350.000000
-39.573102

60.427138
-146.578803
248.154784
20.132260
-41.159088
600.000000
55.065565
122.441075
1000.000000
-495.625029

0.001000
100.000000
-1000.000000
44.000000
20.000000
80.000000
150.000000
900.000000
90.000000
550.000000

10.000000
0.001000
200.000000
15.000000
750.000000
500.000000
1000.000000
650.000000
90.000000
800.000000

