iteration = 0
Battery Energy = [8476560.0, 7397969.8800703548, 4388098.2409754451, 43123.521175997332, -4628369.448748881, -8769159.8412295058, -11640935.687628277, -12665207.146069963, -12665207.146069963, -14033421.968066171, -17890713.134072043, -23381496.291674282, -29259742.170359347, -34532534.325075254, -38178917.773313969, -39469219.735626921, -39469219.735626921, -40024734.463073522, -41581252.140701488, -43830485.353020027, -46326945.877294376, -48576179.089612931, -50132696.767240897, -50688211.494687498, -50688211.494687498, -53009498.069433793, -59513598.535717502, -68912296.013705388, -79344063.215107322, -88742760.693957686, -95246861.161337197, -97568147.737374589, -97568147.737374589, -98241209.315462306, -100145976.58723044, -102843060.80949174, -105857281.26924513, -108578734.25069727, -110469083.68871121, -111153486.03465632]
CL = [-0.052743212524791111, -0.052768338930297962, -0.052744528653516989, -0.052791785602802448, -0.052849196852717766, -0.052914743196803268, -0.052970215930391099, -0.052994538259495128, 0.01112783520544035, 0.013867878601131941, 0.014667700282370577, 0.015113956877698701, 0.013148117237857854, 0.023223966618597051, 0.024921449033478562, 0.025124238366768168, 0.020261066335325057, 0.020261066335325057, 0.020261066335325057, 0.020261066335325057, 0.020261066335325057, 0.020261066335325057, 0.020261066335325057, 0.020261066335325057, 0.076472693882497819, 0.076339309040676276, 0.075978460757268218, 0.075488255587555203, 0.074983244509290559, 0.074559822423023461, 0.074282739720284083, 0.074186806993892046, 0.01860951855822111, 0.049417949305541158, 0.030584092881562136, 0.028977966365429934, -0.064990612683697241, 0.036382879562327317, 0.015346513947881545, -0.42918370665559513]
AoA (deg) = [-1.9226720740741909, -1.9230835835237399, -1.9207842646935886, -1.920384235879006, -1.9200432601598016, -1.9201644201393169, -1.9205719337820846, -1.9208724466176645, 0.35583061956442291, 0.44277696127208643, 0.4662733504155408, 0.47727381593205309, 0.41192764767087697, 0.72206520971824062, 0.7705131634652217, 0.77517916297795808, 0.6040550695825424, 0.6040550695825424, 0.6040550695825424, 0.6040550695825424, 0.6040550695825424, 0.6040550695825424, 0.6040550695825424, 0.6040550695825424, 2.4325436140193069, 2.4325436178592779, 2.4325436223204187, 2.4325436244810725, 2.4325436248591288, 2.4325436239938005, 2.4325436237669575, 2.4325435365464201, 0.6545122033075208, 1.7388220078627705, 1.0774182482975789, 1.0225527234648668, -2.2974777108791273, 1.2881916219986254, 0.54394323652051746, -15.217702411748885]
Cp_lift = [-1.4416229317214553, 34.972931938183528, 24.766788020918462, 18.499046062704032, 19.184451837660248, 26.36884444857769, 72.014042514608946, 613.30591254611761, -148.65100140389254, 412.25880253162012, -2389.936831457248, 572.94986026387608, -131.59232509300375, 1510.53203980895, -967.76355810092525, -9834.5967878947995, 0.0, 0.0, 0.0, 0.0, 0.0, 0.0, 0.0, 0.0, 2.3264323949243821, 2.3181197533599147, 2.3615146060979821, 2.4724547448177256, 2.3504646125888993, 2.3710724770935112, 2.5185714619526371, 2.3492085806422653, -5259.5051780616468, 368717.85868109745, 3986025.792987572, -109092.19693596603, 112829.10354906894, -303576.88841979147, 27939.068597872916, 50995.833436164918]
Cp_forward = [-3230.786243423418, 1391.7157370951161, 1144.9799863729133, 4257.5334514312217, 5732.2437256081457, -6810.2743944332187, -3716.7321963671138, -65.25142059713319, 35108.488271031136, 17721.828480918921, 14901.93833548654, -46653.179976504653, 14786.469867865979, 11914.368876375587, 16453.990905827461, 7714.8350455602731, 0.0027349550807394931, 0.0027349550807394931, 0.0027349550807394931, 0.0027349550807394931, 0.0027349550807394931, 0.0027349550807394931, 0.0027349550807394931, 0.0027349550807394931, 0.96005809456374103, 106.5878667439052, -2960.0594621186347, 1422.3153239206954, 553.17892830606377, 5519.4266330843566, -4756.170730835679, -0.00070207866668985444, 226868.75331426651, -1965885.8458863224, 1731224.6338803722, 729689.76774829242, -583923.49440069369, -6944468.345151701, -10351059.440163979, -50154.353641291484]
Ct_lift = [0.96103953636710771, 0.96091372462032421, 0.96054891909175444, 0.96006445348833336, 0.95763772502692024, 0.95699607932505559, 0.9565437333592659, 0.95637939198238231, -0.080680728412183739, -0.081093146183463943, -0.081179152085656306, -0.081356151632886287, -0.082622308625531868, -0.08316275014265051, -0.083157752086339173, -0.083003944638467678, nan, nan, nan, nan, nan, nan, nan, nan, 0.88170931027714139, 0.88184697713109084, 0.88228230051483536, 0.88296704786453462, 0.88375664172041368, 0.88446607751162676, 0.88498371809543352, 0.8873642840129855, -0.10679735650796748, -0.11057495071073806, -0.083620896374612202, -0.15850703863079149, -0.10699210080836477, -0.10343010249063088, -0.10427368585157414, -0.11129592449476908]
Ct_forward = [0.010499973382092765, 0.010489726252390079, 0.010460902193443986, 0.01041897525433181, 0.010372042486756562, 0.010329393255235225, 0.010299672035766726, 0.010289023413768703, 0.0026559672920482753, 0.0027476889252035204, 0.0029017395159984249, 0.0014462290814949968, 0.0012148741725831308, 0.00064117907750626136, 0.00017228230330977945, -4.8295929765538619e-05, -0.00042731354883183292, -0.00042731354883183292, -0.00042731354883183292, -0.00042731354883183292, -0.00042731354883183292, -0.00042731354883183292, -0.00042731354883183292, -0.00042731354883183292, 0.0076844987247880426, 0.0076879363081725476, 0.0076974969561671739, 0.0077093111996698032, 0.0077162205883453665, 0.0077223495706940128, 0.0077265393346545811, 0.0077280245011195478, 0.0054382442967713385, 0.0058036299824986686, 0.0053244455022402864, 0.0063028323151113489, 0.0065143275613546341, 0.005720130236550657, 0.0058263635890455226, 0.0071522596803423382]


iteration = 1
Battery Energy = [8476560.0, 7397162.2525441274, 4383992.6386613613, 35765.934119828045, -4639427.078767702, -8784198.4990964383, -11658655.133198313, -12683894.671723135, -12683894.671723135, -14051435.58694813, -17902691.928982027, -23387339.50334717, -29272766.672756944, -34548976.018934049, -38196735.373538285, -39488032.135526374, -39488032.135526374, -40043821.174585298, -41601107.456271216, -43851451.333633341, -46349144.603103608, -48599488.48046574, -50156774.762151659, -50712563.801210582, -50712563.801210582, -53036183.138905093, -59546821.327555224, -68954965.286690041, -79397218.045201674, -88805362.06599091, -95316000.334500223, -97639619.765580103, -97639619.765580103, -99730874.024227843, -105590438.2764993, -114057753.89973809, -123455765.21319321, -131923080.85906863, -137782645.09207684, -139873899.3544758]
CL = [-0.052765380446104911, -0.05278990162647601, -0.052764218501279818, -0.05280801434146009, -0.052866575222679998, -0.052933494022978041, -0.052991036168457871, -0.053016352729345212, 0.010671069992308716, 0.013967374080912342, 0.014774629997538008, 0.015249524708334173, 0.01320670769043578, 0.023349215908645245, 0.025035495823042556, 0.025192846426784883, 0.020261066318970736, 0.020261066318970736, 0.020261066319099897, 0.020261066319099897, 0.020261066319099897, 0.020261066318970736, 0.020261066319099897, 0.020261066318970736, 0.076472424074766038, 0.076339048371637755, 0.075978211435646412, 0.07548801258580691, 0.074983004014581814, 0.074559581492216587, 0.074282499205640701, 0.074186316850839984, 0.062139975887690414, 0.062113111042201637, 0.062039025574447723, 0.061934963344095643, 0.061823418442218607, 0.061726306240023884, 0.061660898382902993, 0.061637899412686707]
AoA (deg) = [-1.9234801712910659, -1.9238694120693625, -1.9215013049387584, -1.9209745817733623, -1.9206746268428476, -1.9208448480710014, -1.9213268252655977, -1.9216631472341585, 0.34122480937910993, 0.44595367686533366, 0.46967255244382494, 0.48155482429859764, 0.41376327378142802, 0.72595938319734343, 0.77403922458999641, 0.77729598489951901, 0.60405506909496132, 0.60405506909496132, 0.60405506909881213, 0.60405506909881213, 0.60405506909881213, 0.60405506909496132, 0.60405506909881213, 0.60405506909496132, 2.4325350316215695, 2.4325353116692696, 2.4325356399828588, 2.432535793960299, 2.4325358229311864, 2.4325357635311673, 2.4325357476120884, 2.4325274650323387, 2.1855144938051683, 2.1855144937164361, 2.1855144934119135, 2.1855144921679219, 2.1855144922642138, 2.1855144923068277, 2.1855144918946845, 2.1855144918170888]
Cp_lift = [10.929915893202184, 286.76167730377267, 50.429069946288585, 28.925772704739291, 36.153709987981898, 42.444074139679941, 98.987498439929311, 438.63801891050906, -149.53765651130502, 879.28659385908566, -2535.019938263124, 1338.9072990248776, 370.68942070648666, 1117.825183824699, -731.05393095169632, -9830.6798531478526, 0.0, 0.0, 0.0, 0.0, 0.0, 0.0, 0.0, 0.0, 4.1114149894676899, 3.6322526041137699, 2.9761726318878097, 2.6118596728134138, 1.623161998742038, 0.8411818895977019, 32.581354263350839, 3.4825008930286101, 4.2168926125835293, 3.5837659533042574, 1.9173114301358989, -5.9019928814764047, -3.5236500398841204, -3.2097400374846186, -3.3446659971147148, 47.882106308410265]
Cp_forward = [-2639.6263965749026, 3283.9543753443495, 2884.7738110318205, 2080.75554913836, 1120.6685695077692, 510.08526108928794, -9656.3579498221989, -159.16483642914761, 34847.951940478386, 18407.315865377597, 15432.845819065138, -46695.648057045277, 13587.786664972207, 12746.442793621669, 16011.373185193328, 7720.2610820595492, 0.0027349550807394931, 0.0027349550807394931, 0.0027349550807394931, 0.0027349550807394931, 0.0027349550807394931, 0.0027349550807394931, 0.0027349550807394931, 0.0027349550807394931, -2192.2948880692084, -516.60088798190088, -1248.663568404347, -2153.0228736343424, -737.86987237259984, -2582.7190588233884, 6945.6571062831254, -7.5316140202711086, -3299.0380119731622, -2176.4561246306066, -2454.32674207128, -2648.1845090481174, -3088.9699454471993, 1489.0134375122368, 9558.1823141608002, 9.7492820804468234]
Ct_lift = [0.96107678883643577, 0.9609516751326882, 0.96058680001988739, 0.96010493248872963, 0.9576700989306357, 0.95702828317890254, 0.95657552033616189, 0.9564108687371119, -0.080733799038137988, -0.081136489912596602, -0.081208205428672187, -0.081358719045832986, -0.082631161672640951, -0.083245920332888815, -0.083224173657083525, -0.083038426231257872, nan, nan, nan, nan, nan, nan, nan, nan, 0.88177056931836562, 0.88190683906414491, 0.88234027610690369, 0.88302382571347959, 0.88381271294431551, 0.88452064596849544, 0.88503871268001311, 0.88745191284135383, 0.9037317313303318, 0.90383155031480988, 0.90410840585365237, 0.90680883051539818, 0.90696841319505472, 0.9072020616717088, 0.90738548657002527, 0.90745388643737901]
Ct_forward = [0.010501458513369272, 0.010491210902301483, 0.010462385873960586, 0.01042045710507989, 0.010373523046504053, 0.010330872036995599, 0.010301149695044269, 0.010290500951058408, 0.0026162390296479939, 0.0026964667629778955, 0.0028037367813952847, 0.0014352510015107846, 0.0012785375025386051, 0.00062471581590250135, 0.00018563868481477855, -3.8926988305227878e-05, -0.00042731354963751971, -0.00042731354963751971, -0.00042731354963751407, -0.00042731354963751407, -0.00042731354963751407, -0.00042731354963751971, -0.00042731354963751407, -0.00042731354963751971, 0.0076913220270245939, 0.0076947597904539027, 0.0077043209341596643, 0.0077164918528747429, 0.0077234016350157782, 0.0077295309709620556, 0.0077337210008315829, 0.0077352062135036242, 0.0098375870512307593, 0.0098457956051352987, 0.009868704878848257, 0.0099015770635988379, 0.0099377476610414388, 0.0099700587355457861, 0.0099914088678182984, 0.009998581314572293]


