iteration = 0
CL = [-0.061553076546720327, -0.061754324659082843, -0.061771334367589609, -0.061429949287949003, -0.061307838709535982, -0.061455651506371167, -0.06161942183097277, -0.061698477474233501, 0.012126912040073136, 0.012458317103632757, 0.013313303880570072, 0.013946748764778768, 0.01421281892895602, 0.020087946630702389, 0.021139546470833461, 0.022679100350974493, 0.020261066306680533, 0.020261066306680533, 0.020261066306680533, 0.020261066306680533, 0.020261066306680533, 0.020261066306680533, 0.020261066306680533, 0.020261066306680533, 0.076472698121694896, 0.076339313096613653, 0.075978464628081513, 0.075488259357697055, 0.074983248240585262, 0.074559826164175155, 0.074282743451697955, 0.074186813380710662, 0.088875967357997562, 0.08876722790783155, 0.088576136068457753, 0.088384198827910612, 0.093833789671127099, 0.091065437361319224, 0.090361026774699663, 0.090182140431008792]
AoA (deg) = [-0.039162081972210765, -0.039279819309469367, -0.039261376708495409, -0.039001319916036017, -0.038874605591913573, -0.038922517273114715, -0.03899364390674076, -0.039031858366536935, 0.0067679980741727278, 0.0069424335676540319, 0.0073865523459497135, 0.0076866972347599512, 0.0077716809755435535, 0.01090066355148148, 0.011407219687392129, 0.01221271930318789, 0.010542749812673771, 0.010542749812673771, 0.010542749812673771, 0.010542749812673771, 0.010542749812673771, 0.010542749812673771, 0.010542749812673771, 0.010542749812673771, 0.04245589761650452, 0.042455897585717474, 0.042455897570846952, 0.042455897565983988, 0.042455897564867673, 0.042455897567375424, 0.042455897565796888, 0.042455897565913683, 0.054556225894405237, 0.0545130440414811, 0.054460650178531758, 0.054433944089685674, 0.05789449895425329, 0.056274850099481369, 0.055898784881379726, 0.055808939150422156]
Cp_lift = [-137.69360450801642, -6263.9345135976491, -7263.701920013169, -45957.774474510275, -13897.758379345141, 14728.255775017491, 37321.091910740091, 4935.3174154649041, -210.52221199915365, -467.52841262154732, -1000.5026483824322, -586.38514725801099, -2310.1795753476927, 513.59277877240436, -439.85206493860147, -9910.5606788066343, 0.0, 0.0, 0.0, 0.0, 0.0, 0.0, 0.0, 0.0, 2.3410415755489802, 2.3417903296205957, 2.3418812962417097, 2.3419698160955171, 2.3422233114138815, 2.34057381392681, 2.3425251906149178, 2.3400411366645968, 45.198979205698976, 766.08474271104637, 2991.3405980338785, 3678.9011973511001, 1319.7176017959696, -192.90106815100594, -126.01496479056391, 11419.084024459207]
Cp_forward = [29225.86409475614, 18732.035571718065, -16671.909485189535, -52069.577022927711, -14462.945159565325, 21451.309878708333, 156350.67076329573, -96882.194597833077, 32109.533475169021, 8304.0826270938305, 21338.165911622877, -49040.99686199041, 16493.62762296079, 20604.399170736822, 12044.572059846843, 12280.554841620664, 0.0027349550807394931, 0.0027349550807394931, 0.0027349550807394931, 0.0027349550807394931, 0.0027349550807394931, 0.0027349550807394931, 0.0027349550807394931, 0.0027349550807394931, -2066.2882599823315, -204.60672979037608, -1166.3389801910196, -2880.6948870565716, -2572.3896344589461, -13.260786658180431, 6206.9586922750977, -0.2324563929935328, -226731.35398091679, -42698.677532793648, -64761.420028846886, 333790.80941309099, -32208.815166784523, 1982.3151508070027, -4038.1785080467239, -3185.4410303172353]
Ct_lift = [0.91563274968182551, 0.91560751683409658, 0.91554101258497256, 0.91261997516273852, 0.91223870849298427, 0.91189624869251618, 0.91163967535839019, 0.91165667402721873, -0.080667986567023384, -0.080760567530319488, -0.08102980760715249, -0.081513125527716918, -0.083521941885036241, -0.082084193007039508, -0.082230637578021681, -0.082364608365578282, nan, nan, nan, nan, nan, nan, nan, nan, 0.88295814876492262, 0.88303784172298228, 0.88341972954714043, 0.88407633439885192, 0.88485050116267161, 0.88551433242106292, 0.88605249629263505, 0.88623578018092664, 0.89549477864433069, 0.89867976115893955, 0.89856914720675385, 0.89865096507193298, 0.90025345527559841, 0.89977331788731041, 0.89977095441190347, 0.89979149465593544]
Ct_forward = [-0.010685541973849546, 0.0011104705412793214, -0.0015113731699571617, 0.0092771363069590433, 0.010126204187386325, 0.010088254931009771, 0.010060319817622355, 0.010050312222894722, 0.0024638409211042078, 0.0024446715862479302, 0.0018788413576599384, 0.0021512260283524636, 0.0017553000105310405, 0.00045349587667026676, 0.001009967259457361, -0.0001106850101717, -0.00042725303414239437, -0.00042725303414239437, -0.00042725303414239437, -0.00042725303414239437, -0.00042725303414239437, -0.00042725303414239437, -0.00042725303414239437, -0.00042725303414239437, 0.0076079874820358254, 0.0076114231659236012, 0.0076209785243031309, 0.0076287859790335521, 0.0076356911477958025, 0.0076418162435977792, 0.0076456303112843243, 0.007645621678244079, 0.0088679990480830199, 0.0088722366444264657, 0.0088840972294697024, 0.0089011580700584687, 0.0094193572532055413, 0.0094848606956561728, 0.0089261709483283123, 0.0085945502585211327]


iteration = 1
CL = [-0.061553076546720327, -0.061754324659082843, -0.061771334367589609, -0.061429949287949003, -0.061307838709535982, -0.061455651506371167, -0.06161942183097277, -0.061698477474233501, 0.012126912040073136, 0.012458317103632757, 0.013313303880570072, 0.013946748764778768, 0.01421281892895602, 0.020087946630702389, 0.021139546470833461, 0.022679100350974493, 0.020261066306680533, 0.020261066306680533, 0.020261066306680533, 0.020261066306680533, 0.020261066306680533, 0.020261066306680533, 0.020261066306680533, 0.020261066306680533, 0.076472698121694896, 0.076339313096613653, 0.075978464628081513, 0.075488259357697055, 0.074983248240585262, 0.074559826164175155, 0.074282743451697955, 0.074186813380710662, 0.088875967357997562, 0.08876722790783155, 0.088576136068457753, 0.088384198827910612, 0.093833789671127099, 0.091065437361319224, 0.090361026774699663, 0.090182140431008792]
AoA (deg) = [-0.039162081972210765, -0.039279819309469367, -0.039261376708495409, -0.039001319916036017, -0.038874605591913573, -0.038922517273114715, -0.03899364390674076, -0.039031858366536935, 0.0067679980741727278, 0.0069424335676540319, 0.0073865523459497135, 0.0076866972347599512, 0.0077716809755435535, 0.01090066355148148, 0.011407219687392129, 0.01221271930318789, 0.010542749812673771, 0.010542749812673771, 0.010542749812673771, 0.010542749812673771, 0.010542749812673771, 0.010542749812673771, 0.010542749812673771, 0.010542749812673771, 0.04245589761650452, 0.042455897585717474, 0.042455897570846952, 0.042455897565983988, 0.042455897564867673, 0.042455897567375424, 0.042455897565796888, 0.042455897565913683, 0.054556225894405237, 0.0545130440414811, 0.054460650178531758, 0.054433944089685674, 0.05789449895425329, 0.056274850099481369, 0.055898784881379726, 0.055808939150422156]
Cp_lift = [-137.69360450801642, -6263.9345135976491, -7263.701920013169, -45957.774474510275, -13897.758379345141, 14728.255775017491, 37321.091910740091, 4935.3174154649041, -210.52221199915365, -467.52841262154732, -1000.5026483824322, -586.38514725801099, -2310.1795753476927, 513.59277877240436, -439.85206493860147, -9910.5606788066343, 0.0, 0.0, 0.0, 0.0, 0.0, 0.0, 0.0, 0.0, 2.3410415755489802, 2.3417903296205957, 2.3418812962417097, 2.3419698160955171, 2.3422233114138815, 2.34057381392681, 2.3425251906149178, 2.3400411366645968, 45.198979205698976, 766.08474271104637, 2991.3405980338785, 3678.9011973511001, 1319.7176017959696, -192.90106815100594, -126.01496479056391, 11419.084024459207]
Cp_forward = [29225.86409475614, 18732.035571718065, -16671.909485189535, -52069.577022927711, -14462.945159565325, 21451.309878708333, 156350.67076329573, -96882.194597833077, 32109.533475169021, 8304.0826270938305, 21338.165911622877, -49040.99686199041, 16493.62762296079, 20604.399170736822, 12044.572059846843, 12280.554841620664, 0.0027349550807394931, 0.0027349550807394931, 0.0027349550807394931, 0.0027349550807394931, 0.0027349550807394931, 0.0027349550807394931, 0.0027349550807394931, 0.0027349550807394931, -2066.2882599823315, -204.60672979037608, -1166.3389801910196, -2880.6948870565716, -2572.3896344589461, -13.260786658180431, 6206.9586922750977, -0.2324563929935328, -226731.35398091679, -42698.677532793648, -64761.420028846886, 333790.80941309099, -32208.815166784523, 1982.3151508070027, -4038.1785080467239, -3185.4410303172353]
Ct_lift = [0.91563274968182551, 0.91560751683409658, 0.91554101258497256, 0.91261997516273852, 0.91223870849298427, 0.91189624869251618, 0.91163967535839019, 0.91165667402721873, -0.080667986567023384, -0.080760567530319488, -0.08102980760715249, -0.081513125527716918, -0.083521941885036241, -0.082084193007039508, -0.082230637578021681, -0.082364608365578282, nan, nan, nan, nan, nan, nan, nan, nan, 0.88295814876492262, 0.88303784172298228, 0.88341972954714043, 0.88407633439885192, 0.88485050116267161, 0.88551433242106292, 0.88605249629263505, 0.88623578018092664, 0.89549477864433069, 0.89867976115893955, 0.89856914720675385, 0.89865096507193298, 0.90025345527559841, 0.89977331788731041, 0.89977095441190347, 0.89979149465593544]
Ct_forward = [-0.010685541973849546, 0.0011104705412793214, -0.0015113731699571617, 0.0092771363069590433, 0.010126204187386325, 0.010088254931009771, 0.010060319817622355, 0.010050312222894722, 0.0024638409211042078, 0.0024446715862479302, 0.0018788413576599384, 0.0021512260283524636, 0.0017553000105310405, 0.00045349587667026676, 0.001009967259457361, -0.0001106850101717, -0.00042725303414239437, -0.00042725303414239437, -0.00042725303414239437, -0.00042725303414239437, -0.00042725303414239437, -0.00042725303414239437, -0.00042725303414239437, -0.00042725303414239437, 0.0076079874820358254, 0.0076114231659236012, 0.0076209785243031309, 0.0076287859790335521, 0.0076356911477958025, 0.0076418162435977792, 0.0076456303112843243, 0.007645621678244079, 0.0088679990480830199, 0.0088722366444264657, 0.0088840972294697024, 0.0089011580700584687, 0.0094193572532055413, 0.0094848606956561728, 0.0089261709483283123, 0.0085945502585211327]


iteration = 2
CL = [-0.061553076546720327, -0.061754324659082843, -0.061771334367589609, -0.061429949287949003, -0.061307838709535982, -0.061455651506371167, -0.06161942183097277, -0.061698477474233501, 0.012126912040073136, 0.012458317103632757, 0.013313303880570072, 0.013946748764778768, 0.01421281892895602, 0.020087946630702389, 0.021139546470833461, 0.022679100350974493, 0.020240809205064516, 0.020240809205064516, 0.020240809205064516, 0.020240809205064516, 0.020240809205064516, 0.020240809205064516, 0.020240809205064516, 0.020240809205064516, 0.076472698121694896, 0.076339313096613653, 0.075978464628081513, 0.075488259357697055, 0.074983248240585262, 0.074559826164175155, 0.074282743451697955, 0.074186813380710662, 0.088875967357997562, 0.08876722790783155, 0.088576136068457753, 0.088384198827910612, 0.093833789671127099, 0.091065437361319224, 0.090361026774699663, 0.090182140431008792]
AoA (deg) = [-0.039162081972210765, -0.039279819309469367, -0.039261376708495409, -0.039001319916036017, -0.038874605591913573, -0.038922517273114715, -0.03899364390674076, -0.039031858366536935, 0.0067679980741727278, 0.0069424335676540319, 0.0073865523459497135, 0.0076866972347599512, 0.0077716809755435535, 0.01090066355148148, 0.011407219687392129, 0.01221271930318789, 0.010528372606877648, 0.010528372606877648, 0.010528372606877648, 0.010528372606877648, 0.010528372606877648, 0.010528372606877648, 0.010528372606877648, 0.010528372606877648, 0.04245589761650452, 0.042455897585717474, 0.042455897570846952, 0.042455897565983988, 0.042455897564867673, 0.042455897567375424, 0.042455897565796888, 0.042455897565913683, 0.054556225894405237, 0.0545130440414811, 0.054460650178531758, 0.054433944089685674, 0.05789449895425329, 0.056274850099481369, 0.055898784881379726, 0.055808939150422156]
Cp_lift = [-137.69360450801642, -6263.9345135976491, -7263.701920013169, -45957.774474510275, -13897.758379345141, 14728.255775017491, 37321.091910740091, 4935.3174154649041, -210.52221199915365, -467.52841262154732, -1000.5026483824322, -586.38514725801099, -2310.1795753476927, 513.59277877240436, -439.85206493860147, -9910.5606788066343, 0.0, 0.0, 0.0, 0.0, 0.0, 0.0, 0.0, 0.0, 2.3410415755489802, 2.3417903296205957, 2.3418812962417097, 2.3419698160955171, 2.3422233114138815, 2.34057381392681, 2.3425251906149178, 2.3400411366645968, 45.198979205698976, 766.08474271104637, 2991.3405980338785, 3678.9011973511001, 1319.7176017959696, -192.90106815100594, -126.01496479056391, 11419.084024459207]
Cp_forward = [29225.86409475614, 18732.035571718065, -16671.909485189535, -52069.577022927711, -14462.945159565325, 21451.309878708333, 156350.67076329573, -96882.194597833077, 32109.533475169021, 8304.0826270938305, 21338.165911622877, -49040.99686199041, 16493.62762296079, 20604.399170736822, 12044.572059846843, 12280.554841620664, 0.0027349550807394931, 0.0027349550807394931, 0.0027349550807394931, 0.0027349550807394931, 0.0027349550807394931, 0.0027349550807394931, 0.0027349550807394931, 0.0027349550807394931, -2066.2882599823315, -204.60672979037608, -1166.3389801910196, -2880.6948870565716, -2572.3896344589461, -13.260786658180431, 6206.9586922750977, -0.2324563929935328, -226731.35398091679, -42698.677532793648, -64761.420028846886, 333790.80941309099, -32208.815166784523, 1982.3151508070027, -4038.1785080467239, -3185.4410303172353]
Ct_lift = [0.91563274968182551, 0.91560751683409658, 0.91554101258497256, 0.91261997516273852, 0.91223870849298427, 0.91189624869251618, 0.91163967535839019, 0.91165667402721873, -0.080667986567023384, -0.080760567530319488, -0.08102980760715249, -0.081513125527716918, -0.083521941885036241, -0.082084193007039508, -0.082230637578021681, -0.082364608365578282, nan, nan, nan, nan, nan, nan, nan, nan, 0.88295814876492262, 0.88303784172298228, 0.88341972954714043, 0.88407633439885192, 0.88485050116267161, 0.88551433242106292, 0.88605249629263505, 0.88623578018092664, 0.89549477864433069, 0.89867976115893955, 0.89856914720675385, 0.89865096507193298, 0.90025345527559841, 0.89977331788731041, 0.89977095441190347, 0.89979149465593544]
Ct_forward = [-0.010685541973849546, 0.0011104705412793214, -0.0015113731699571617, 0.0092771363069590433, 0.010126204187386325, 0.010088254931009771, 0.010060319817622355, 0.010050312222894722, 0.0024638409211042078, 0.0024446715862479302, 0.0018788413576599384, 0.0021512260283524636, 0.0017553000105310405, 0.00045349587667026676, 0.001009967259457361, -0.0001106850101717, -0.00042693712153924423, -0.00042693712153924423, -0.00042693712153924423, -0.00042693712153924423, -0.00042693712153924423, -0.00042693712153924423, -0.00042693712153924423, -0.00042693712153924423, 0.0076079874820358254, 0.0076114231659236012, 0.0076209785243031309, 0.0076287859790335521, 0.0076356911477958025, 0.0076418162435977792, 0.0076456303112843243, 0.007645621678244079, 0.0088679990480830199, 0.0088722366444264657, 0.0088840972294697024, 0.0089011580700584687, 0.0094193572532055413, 0.0094848606956561728, 0.0089261709483283123, 0.0085945502585211327]


iteration = 3
CL = [-0.054522299932384007, -0.054531798837517659, -0.05456987763461725, -0.054619484637397228, -0.054697673834747752, -0.054798089982317111, -0.054903759813652205, -0.054956546340238686, 0.012126912040073136, 0.012458317103632757, 0.013313303880570072, 0.013946748764778768, 0.01421281892895602, 0.020087946630702389, 0.021139546470833461, 0.022679100350974493, 0.020261066306680533, 0.020261066306680533, 0.020261066306680533, 0.020261066306680533, 0.020261066306680533, 0.020261066306680533, 0.020261066306680533, 0.020261066306680533, 0.076472698121694896, 0.076339313096613653, 0.075978464628081513, 0.075488259357697055, 0.074983248240585262, 0.074559826164175155, 0.074282743451697955, 0.074186813380710662, 0.088875967357997562, 0.08876722790783155, 0.088576136068457753, 0.088384198827910612, 0.093833789671127099, 0.091065437361319224, 0.090361026774699663, 0.090182140431008792]
AoA (deg) = [-0.034686165652508982, -0.034683100614584336, -0.034681440975671086, -0.034674627370265741, -0.034680333459104207, -0.034703105168707421, -0.034740949721513155, -0.034763817323139413, 0.0067679980741727278, 0.0069424335676540319, 0.0073865523459497135, 0.0076866972347599512, 0.0077716809755435535, 0.01090066355148148, 0.011407219687392129, 0.01221271930318789, 0.010542749812673771, 0.010542749812673771, 0.010542749812673771, 0.010542749812673771, 0.010542749812673771, 0.010542749812673771, 0.010542749812673771, 0.010542749812673771, 0.04245589761650452, 0.042455897585717474, 0.042455897570846952, 0.042455897565983988, 0.042455897564867673, 0.042455897567375424, 0.042455897565796888, 0.042455897565913683, 0.054556225894405237, 0.0545130440414811, 0.054460650178531758, 0.054433944089685674, 0.05789449895425329, 0.056274850099481369, 0.055898784881379726, 0.055808939150422156]
Cp_lift = [509.34089062545581, -696.94105694261214, -3641.7547111733238, 151.7890813943599, -850.71464657014315, -1862.0817737686029, -1443.5097140625758, -6455.8334498925988, -210.52221199915365, -467.52841262154732, -1000.5026483824322, -586.38514725801099, -2310.1795753476927, 513.59277877240436, -439.85206493860147, -9910.5606788066343, 0.0, 0.0, 0.0, 0.0, 0.0, 0.0, 0.0, 0.0, 2.3410415755489802, 2.3417903296205957, 2.3418812962417097, 2.3419698160955171, 2.3422233114138815, 2.34057381392681, 2.3425251906149178, 2.3400411366645968, 45.198979205698976, 766.08474271104637, 2991.3405980338785, 3678.9011973511001, 1319.7176017959696, -192.90106815100594, -126.01496479056391, 11419.084024459207]
Cp_forward = [88501.584519797107, -59836.088861900003, -97784.995937287938, -13008.894361286855, -17495.397799857779, 6586.641509359808, 144085.00485537271, 17584.620544460351, 32109.533475169021, 8304.0826270938305, 21338.165911622877, -49040.99686199041, 16493.62762296079, 20604.399170736822, 12044.572059846843, 12280.554841620664, 0.0027349550807394931, 0.0027349550807394931, 0.0027349550807394931, 0.0027349550807394931, 0.0027349550807394931, 0.0027349550807394931, 0.0027349550807394931, 0.0027349550807394931, -2066.2882599823315, -204.60672979037608, -1166.3389801910196, -2880.6948870565716, -2572.3896344589461, -13.260786658180431, 6206.9586922750977, -0.2324563929935328, -226731.35398091679, -42698.677532793648, -64761.420028846886, 333790.80941309099, -32208.815166784523, 1982.3151508070027, -4038.1785080467239, -3185.4410303172353]
Ct_lift = [0.91521812922226398, 0.91513112390511675, 0.91488502667006799, 0.91450821010161865, 0.91421365616257799, 0.91390668039706446, 0.91370766117116886, 0.91364082709461325, -0.080667986567023384, -0.080760567530319488, -0.08102980760715249, -0.081513125527716918, -0.083521941885036241, -0.082084193007039508, -0.082230637578021681, -0.082364608365578282, nan, nan, nan, nan, nan, nan, nan, nan, 0.88295814876492262, 0.88303784172298228, 0.88341972954714043, 0.88407633439885192, 0.88485050116267161, 0.88551433242106292, 0.88605249629263505, 0.88623578018092664, 0.89549477864433069, 0.89867976115893955, 0.89856914720675385, 0.89865096507193298, 0.90025345527559841, 0.89977331788731041, 0.89977095441190347, 0.89979149465593544]
Ct_forward = [0.010444646693821644, 0.010434958184488339, 0.010393694844786253, 0.010353807916059356, 0.010306970174856062, 0.010264414499050151, 0.010234763542051668, 0.010224140201560353, 0.0024638409211042078, 0.0024446715862479302, 0.0018788413576599384, 0.0021512260283524636, 0.0017553000105310405, 0.00045349587667026676, 0.001009967259457361, -0.0001106850101717, -0.00042725303414239437, -0.00042725303414239437, -0.00042725303414239437, -0.00042725303414239437, -0.00042725303414239437, -0.00042725303414239437, -0.00042725303414239437, -0.00042725303414239437, 0.0076079874820358254, 0.0076114231659236012, 0.0076209785243031309, 0.0076287859790335521, 0.0076356911477958025, 0.0076418162435977792, 0.0076456303112843243, 0.007645621678244079, 0.0088679990480830199, 0.0088722366444264657, 0.0088840972294697024, 0.0089011580700584687, 0.0094193572532055413, 0.0094848606956561728, 0.0089261709483283123, 0.0085945502585211327]


iteration = 4
CL = [-0.061553076546720327, -0.061754324659082843, -0.061771334367589609, -0.061429949287949003, -0.061307838709535982, -0.061455651506371167, -0.06161942183097277, -0.061698477474233501, 0.011242784705947258, 0.011565141310156339, 0.012137709244311828, 0.012118309576644516, 0.0075676172766957614, 0.020514846613423492, 0.019811712469461666, 0.023243071644353359, 0.020261066306680533, 0.020261066306680533, 0.020261066306680533, 0.020261066306680533, 0.020261066306680533, 0.020261066306680533, 0.020261066306680533, 0.020261066306680533, 0.076472698121694896, 0.076339313096613653, 0.075978464628081513, 0.075488259357697055, 0.074983248240585262, 0.074559826164175155, 0.074282743451697955, 0.074186813380710662, 0.088875967357997562, 0.08876722790783155, 0.088576136068457753, 0.088384198827910612, 0.093833789671127099, 0.091065437361319224, 0.090361026774699663, 0.090182140431008792]
AoA (deg) = [-0.039162081972210765, -0.039279819309469367, -0.039261376708495409, -0.039001319916036017, -0.038874605591913573, -0.038922517273114715, -0.03899364390674076, -0.039031858366536935, 0.0062729924086502298, 0.0064430748114448471, 0.0067325512943840586, 0.0066771544526261434, 0.0041368631081640872, 0.011129039307097634, 0.010687454460870591, 0.012512576564311557, 0.010542749812673771, 0.010542749812673771, 0.010542749812673771, 0.010542749812673771, 0.010542749812673771, 0.010542749812673771, 0.010542749812673771, 0.010542749812673771, 0.04245589761650452, 0.042455897585717474, 0.042455897570846952, 0.042455897565983988, 0.042455897564867673, 0.042455897567375424, 0.042455897565796888, 0.042455897565913683, 0.054556225894405237, 0.0545130440414811, 0.054460650178531758, 0.054433944089685674, 0.05789449895425329, 0.056274850099481369, 0.055898784881379726, 0.055808939150422156]
Cp_lift = [-137.69360450801642, -6263.9345135976491, -7263.701920013169, -45957.774474510275, -13897.758379345141, 14728.255775017491, 37321.091910740091, 4935.3174154649041, -237.77294633707666, -741.75112199288787, -1179.434930726163, -653.90395796902476, -2148.9449697325158, -584.39713176431712, -659.75151450907856, -9587.0060110407067, 0.0, 0.0, 0.0, 0.0, 0.0, 0.0, 0.0, 0.0, 2.3410415755489802, 2.3417903296205957, 2.3418812962417097, 2.3419698160955171, 2.3422233114138815, 2.34057381392681, 2.3425251906149178, 2.3400411366645968, 45.198979205698976, 766.08474271104637, 2991.3405980338785, 3678.9011973511001, 1319.7176017959696, -192.90106815100594, -126.01496479056391, 11419.084024459207]
Cp_forward = [29225.86409475614, 18732.035571718065, -16671.909485189535, -52069.577022927711, -14462.945159565325, 21451.309878708333, 156350.67076329573, -96882.194597833077, 21717.17689333592, 9679.9841438907497, 16692.045660429474, -48710.494505404087, 36653.592628579412, 17102.337117097857, 11858.355634171445, 14980.273529605554, 0.0027349550807394931, 0.0027349550807394931, 0.0027349550807394931, 0.0027349550807394931, 0.0027349550807394931, 0.0027349550807394931, 0.0027349550807394931, 0.0027349550807394931, -2066.2882599823315, -204.60672979037608, -1166.3389801910196, -2880.6948870565716, -2572.3896344589461, -13.260786658180431, 6206.9586922750977, -0.2324563929935328, -226731.35398091679, -42698.677532793648, -64761.420028846886, 333790.80941309099, -32208.815166784523, 1982.3151508070027, -4038.1785080467239, -3185.4410303172353]
Ct_lift = [0.91563274968182551, 0.91560751683409658, 0.91554101258497256, 0.91261997516273852, 0.91223870849298427, 0.91189624869251618, 0.91163967535839019, 0.91165667402721873, -0.080629399166071855, -0.080729774776580554, -0.081076170058921773, -0.082029999983998889, -0.089665976118028082, -0.082142591094717554, -0.082206691984988825, -0.082430856036971659, nan, nan, nan, nan, nan, nan, nan, nan, 0.88295814876492262, 0.88303784172298228, 0.88341972954714043, 0.88407633439885192, 0.88485050116267161, 0.88551433242106292, 0.88605249629263505, 0.88623578018092664, 0.89549477864433069, 0.89867976115893955, 0.89856914720675385, 0.89865096507193298, 0.90025345527559841, 0.89977331788731041, 0.89977095441190347, 0.89979149465593544]
Ct_forward = [-0.010685541973849546, 0.0011104705412793214, -0.0015113731699571617, 0.0092771363069590433, 0.010126204187386325, 0.010088254931009771, 0.010060319817622355, 0.010050312222894722, 0.0027246201155950158, 0.0028181741299397596, 0.0029642088465768458, 0.0017236916172866941, 0.0013087122451444554, 0.00096123431655403336, 0.00040985836837414865, 0.00012739746692183904, -0.00042725303414239437, -0.00042725303414239437, -0.00042725303414239437, -0.00042725303414239437, -0.00042725303414239437, -0.00042725303414239437, -0.00042725303414239437, -0.00042725303414239437, 0.0076079874820358254, 0.0076114231659236012, 0.0076209785243031309, 0.0076287859790335521, 0.0076356911477958025, 0.0076418162435977792, 0.0076456303112843243, 0.007645621678244079, 0.0088679990480830199, 0.0088722366444264657, 0.0088840972294697024, 0.0089011580700584687, 0.0094193572532055413, 0.0094848606956561728, 0.0089261709483283123, 0.0085945502585211327]


iteration = 5
CL = [-0.061553076546720327, -0.061754324659082843, -0.061771334367589609, -0.061429949287949003, -0.061307838709535982, -0.061455651506371167, -0.06161942183097277, -0.061698477474233501, 0.012126912040073136, 0.012458317103632757, 0.013313303880570072, 0.013946748764778768, 0.01421281892895602, 0.020087946630702389, 0.021139546470833461, 0.022679100350974493, 0.020261066306680533, 0.020261066306680533, 0.020261066306680533, 0.020261066306680533, 0.020261066306680533, 0.020261066306680533, 0.020261066306680533, 0.020261066306680533, 0.076470002643291068, 0.076336420850129552, 0.075975043902575978, 0.075484132764485901, 0.074978409189720485, 0.074554401201539222, 0.074276940787619483, 0.074180880976462638, 0.088875967357997562, 0.08876722790783155, 0.088576136068457753, 0.088384198827910612, 0.093833789671127099, 0.091065437361319224, 0.090361026774699663, 0.090182140431008792]
AoA (deg) = [-0.039162081972210765, -0.039279819309469367, -0.039261376708495409, -0.039001319916036017, -0.038874605591913573, -0.038922517273114715, -0.03899364390674076, -0.039031858366536935, 0.0067679980741727278, 0.0069424335676540319, 0.0073865523459497135, 0.0076866972347599512, 0.0077716809755435535, 0.01090066355148148, 0.011407219687392129, 0.01221271930318789, 0.010542749812673771, 0.010542749812673771, 0.010542749812673771, 0.010542749812673771, 0.010542749812673771, 0.010542749812673771, 0.010542749812673771, 0.010542749812673771, 0.042443397853008893, 0.042443398182623139, 0.04244339832934825, 0.042443398376175154, 0.042443398386494732, 0.042443398361782299, 0.042443398377646838, 0.04244339837671509, 0.054556225894405237, 0.0545130440414811, 0.054460650178531758, 0.054433944089685674, 0.05789449895425329, 0.056274850099481369, 0.055898784881379726, 0.055808939150422156]
Cp_lift = [-137.69360450801642, -6263.9345135976491, -7263.701920013169, -45957.774474510275, -13897.758379345141, 14728.255775017491, 37321.091910740091, 4935.3174154649041, -210.52221199915365, -467.52841262154732, -1000.5026483824322, -586.38514725801099, -2310.1795753476927, 513.59277877240436, -439.85206493860147, -9910.5606788066343, 0.0, 0.0, 0.0, 0.0, 0.0, 0.0, 0.0, 0.0, 2.3436592694318978, 2.3414970243113067, 2.3415858607381632, 2.3412209969721927, 2.3421525040967595, 2.3426155002408096, 2.3427397886697934, 2.3425380450532218, 45.198979205698976, 766.08474271104637, 2991.3405980338785, 3678.9011973511001, 1319.7176017959696, -192.90106815100594, -126.01496479056391, 11419.084024459207]
Cp_forward = [29225.86409475614, 18732.035571718065, -16671.909485189535, -52069.577022927711, -14462.945159565325, 21451.309878708333, 156350.67076329573, -96882.194597833077, 32109.533475169021, 8304.0826270938305, 21338.165911622877, -49040.99686199041, 16493.62762296079, 20604.399170736822, 12044.572059846843, 12280.554841620664, 0.0027349550807394931, 0.0027349550807394931, 0.0027349550807394931, 0.0027349550807394931, 0.0027349550807394931, 0.0027349550807394931, 0.0027349550807394931, 0.0027349550807394931, 1830.2036915424992, 173.74456902627898, 1162.7399732919394, 2587.7168472946869, 2856.9798471615172, 246.73954437423009, -6290.4510303371089, 0.0029007948476843909, -226731.35398091679, -42698.677532793648, -64761.420028846886, 333790.80941309099, -32208.815166784523, 1982.3151508070027, -4038.1785080467239, -3185.4410303172353]
Ct_lift = [0.91563274968182551, 0.91560751683409658, 0.91554101258497256, 0.91261997516273852, 0.91223870849298427, 0.91189624869251618, 0.91163967535839019, 0.91165667402721873, -0.080667986567023384, -0.080760567530319488, -0.08102980760715249, -0.081513125527716918, -0.083521941885036241, -0.082084193007039508, -0.082230637578021681, -0.082364608365578282, nan, nan, nan, nan, nan, nan, nan, nan, 0.8829218100027858, 0.88299684917901544, 0.88337622109462421, 0.88403182679669934, 0.88480554969056346, 0.88546724965371804, 0.88600682787894736, 0.88619020469067933, 0.89549477864433069, 0.89867976115893955, 0.89856914720675385, 0.89865096507193298, 0.90025345527559841, 0.89977331788731041, 0.89977095441190347, 0.89979149465593544]
Ct_forward = [-0.010685541973849546, 0.0011104705412793214, -0.0015113731699571617, 0.0092771363069590433, 0.010126204187386325, 0.010088254931009771, 0.010060319817622355, 0.010050312222894722, 0.0024638409211042078, 0.0024446715862479302, 0.0018788413576599384, 0.0021512260283524636, 0.0017553000105310405, 0.00045349587667026676, 0.001009967259457361, -0.0001106850101717, -0.00042725303414239437, -0.00042725303414239437, -0.00042725303414239437, -0.00042725303414239437, -0.00042725303414239437, -0.00042725303414239437, -0.00042725303414239437, -0.00042725303414239437, 0.0076011807408227711, 0.0076046164343697032, 0.0076141718157495021, 0.0076215791558856038, 0.0076284843221669663, 0.0076346093879981819, 0.0076380837849143535, 0.0076380751470693708, 0.0088679990480830199, 0.0088722366444264657, 0.0088840972294697024, 0.0089011580700584687, 0.0094193572532055413, 0.0094848606956561728, 0.0089261709483283123, 0.0085945502585211327]


iteration = 6
CL = [-0.061553076546720327, -0.061754324659082843, -0.061771334367589609, -0.061429949287949003, -0.061307838709535982, -0.061455651506371167, -0.06161942183097277, -0.061698477474233501, 0.012126912040073136, 0.012458317103632757, 0.013313303880570072, 0.013946748764778768, 0.01421281892895602, 0.020087946630702389, 0.021139546470833461, 0.022679100350974493, 0.020261066306680533, 0.020261066306680533, 0.020261066306680533, 0.020261066306680533, 0.020261066306680533, 0.020261066306680533, 0.020261066306680533, 0.020261066306680533, 0.076472698121694896, 0.076339313096613653, 0.075978464628081513, 0.075488259357697055, 0.074983248240585262, 0.074559826164175155, 0.074282743451697955, 0.074186813380710662, 0.084010884444990247, 0.083925401272715555, 0.083753380792159465, 0.083574543047193819, 0.088092711699878853, 0.085769823230884515, 0.085186445486836349, 0.085032155596140413]
AoA (deg) = [-0.039162081972210765, -0.039279819309469367, -0.039261376708495409, -0.039001319916036017, -0.038874605591913573, -0.038922517273114715, -0.03899364390674076, -0.039031858366536935, 0.0067679980741727278, 0.0069424335676540319, 0.0073865523459497135, 0.0076866972347599512, 0.0077716809755435535, 0.01090066355148148, 0.011407219687392129, 0.01221271930318789, 0.010542749812673771, 0.010542749812673771, 0.010542749812673771, 0.010542749812673771, 0.010542749812673771, 0.010542749812673771, 0.010542749812673771, 0.010542749812673771, 0.04245589761650452, 0.042455897585717474, 0.042455897570846952, 0.042455897565983988, 0.042455897564867673, 0.042455897567375424, 0.042455897565796888, 0.042455897565913683, 0.051563573005720953, 0.051533412775822865, 0.051489275580082088, 0.051465764649433782, 0.05434608103761783, 0.052996395506217431, 0.052691834563336176, 0.052616048302494563]
Cp_lift = [-137.69360450801642, -6263.9345135976491, -7263.701920013169, -45957.774474510275, -13897.758379345141, 14728.255775017491, 37321.091910740091, 4935.3174154649041, -210.52221199915365, -467.52841262154732, -1000.5026483824322, -586.38514725801099, -2310.1795753476927, 513.59277877240436, -439.85206493860147, -9910.5606788066343, 0.0, 0.0, 0.0, 0.0, 0.0, 0.0, 0.0, 0.0, 2.3410415755489802, 2.3417903296205957, 2.3418812962417097, 2.3419698160955171, 2.3422233114138815, 2.34057381392681, 2.3425251906149178, 2.3400411366645968, 544.81779042801679, 4893.8910466308571, 6029.4995847735008, 3614.2911627549738, 955.4686795448888, -269.04291756362761, -1055.0215041488962, -44021.335770130274]
Cp_forward = [29225.86409475614, 18732.035571718065, -16671.909485189535, -52069.577022927711, -14462.945159565325, 21451.309878708333, 156350.67076329573, -96882.194597833077, 32109.533475169021, 8304.0826270938305, 21338.165911622877, -49040.99686199041, 16493.62762296079, 20604.399170736822, 12044.572059846843, 12280.554841620664, 0.0027349550807394931, 0.0027349550807394931, 0.0027349550807394931, 0.0027349550807394931, 0.0027349550807394931, 0.0027349550807394931, 0.0027349550807394931, 0.0027349550807394931, -2066.2882599823315, -204.60672979037608, -1166.3389801910196, -2880.6948870565716, -2572.3896344589461, -13.260786658180431, 6206.9586922750977, -0.2324563929935328, -9180.8878346047823, 4422.033491316236, 103649.35674819004, -88820.538606270609, 103296.63583633833, -59788.052606532801, -31968.027769604985, -573.20339151737437]
Ct_lift = [0.91563274968182551, 0.91560751683409658, 0.91554101258497256, 0.91261997516273852, 0.91223870849298427, 0.91189624869251618, 0.91163967535839019, 0.91165667402721873, -0.080667986567023384, -0.080760567530319488, -0.08102980760715249, -0.081513125527716918, -0.083521941885036241, -0.082084193007039508, -0.082230637578021681, -0.082364608365578282, nan, nan, nan, nan, nan, nan, nan, nan, 0.88295814876492262, 0.88303784172298228, 0.88341972954714043, 0.88407633439885192, 0.88485050116267161, 0.88551433242106292, 0.88605249629263505, 0.88623578018092664, 0.89779167700202167, 0.89788291381261665, 0.89812985319538086, 0.89848256471141685, 0.89981057621843974, 0.90242389881863461, 0.90235222999474607, 0.90235599530983202]
Ct_forward = [-0.010685541973849546, 0.0011104705412793214, -0.0015113731699571617, 0.0092771363069590433, 0.010126204187386325, 0.010088254931009771, 0.010060319817622355, 0.010050312222894722, 0.0024638409211042078, 0.0024446715862479302, 0.0018788413576599384, 0.0021512260283524636, 0.0017553000105310405, 0.00045349587667026676, 0.001009967259457361, -0.0001106850101717, -0.00042725303414239437, -0.00042725303414239437, -0.00042725303414239437, -0.00042725303414239437, -0.00042725303414239437, -0.00042725303414239437, -0.00042725303414239437, -0.00042725303414239437, 0.0076079874820358254, 0.0076114231659236012, 0.0076209785243031309, 0.0076287859790335521, 0.0076356911477958025, 0.0076418162435977792, 0.0076456303112843243, 0.007645621678244079, 0.0090893876749695169, 0.0090946311133315149, 0.0091092889910861299, 0.0091297632138698324, 0.0091502210088841556, 0.0092334155593932297, 0.0092451924262974775, 0.0092493893697861481]


iteration = 7
CL = [-0.061524282063718849, -0.061687627320158422, -0.061708476713311998, -0.061432749586962966, -0.061350378262155524, -0.061493730431682499, -0.061660235469279921, -0.061738964985349518, 0.012133469208934392, 0.012462955685605381, 0.013317195993833198, 0.013951988453312606, 0.01420599875742138, 0.020090296580608426, 0.021139518256541666, 0.022649733723942241, 0.020261066306680533, 0.020261066306680533, 0.020261066306680533, 0.020261066306680533, 0.020261066306680533, 0.020261066306680533, 0.020261066306680533, 0.020261066306680533, 0.076472698121695035, 0.076339313096613778, 0.075978464628081666, 0.075488259357697304, 0.074983248240585443, 0.074559826164175308, 0.074282743451698149, 0.074186813380710842, 0.088875967357997562, 0.08876722790783155, 0.088576136068457753, 0.088384198827910612, 0.093833789671127099, 0.091065437361319224, 0.090361026774699663, 0.090182140431008792]
AoA (deg) = [-0.039143761979662614, -0.039237390243452651, -0.039221404848008984, -0.039003055435598975, -0.038901510735500439, -0.038946540112180371, -0.039019358462001767, -0.039057351872602369, 0.0067715959459727941, 0.0069449574111659501, 0.0073886539362238617, 0.0076895367756555826, 0.0077679182884021368, 0.010901914475492854, 0.011407197451661896, 0.012196905343759338, 0.010542749812673771, 0.010542749812673771, 0.010542749812673771, 0.010542749812673771, 0.010542749812673771, 0.010542749812673771, 0.010542749812673771, 0.010542749812673771, 0.042455897616504597, 0.042455897585717543, 0.042455897570847036, 0.042455897565984127, 0.042455897564867777, 0.042455897567375514, 0.042455897565796992, 0.042455897565913781, 0.054556225894405237, 0.0545130440414811, 0.054460650178531758, 0.054433944089685674, 0.05789449895425329, 0.056274850099481369, 0.055898784881379726, 0.055808939150422156]
Cp_lift = [769.03442609642627, -2203.5642147612516, -3724.307436428895, -102934.92194146659, -6122.0434881331794, 8930.7280814698679, 15043.350411114581, 4147.2462416379785, -210.34839278371172, -468.28573461967079, -1000.625999883812, -588.01976154489955, -2302.4379407921865, 513.05179021043853, -442.97766983535178, -9910.4367496332525, 0.0, 0.0, 0.0, 0.0, 0.0, 0.0, 0.0, 0.0, 2.3414291803317813, 2.3414730038094764, 2.3414800273832777, 2.3414462256683728, 2.3414942915192838, 2.34157790072459, 2.3414049791270237, 2.3416915252362607, 45.198979205698976, 766.08474271104637, 2991.3405980338785, 3678.9011973511001, 1319.7176017959696, -192.90106815100594, -126.01496479056391, 11419.084024459207]
Cp_forward = [21327.02351024262, -12384.457936382887, -30475.728433667162, 33854.796681737753, 36896.938440699851, -107988.81909573483, 121404.0345847202, -35350.317854411631, 32114.302679961271, 8272.1823553946997, 21342.299231735135, -49017.254321540298, 16562.394789842019, 20537.452341045861, 12092.161373472916, 12281.138005282426, 0.0027349550807394931, 0.0027349550807394931, 0.0027349550807394931, 0.0027349550807394931, 0.0027349550807394931, 0.0027349550807394931, 0.0027349550807394931, 0.0027349550807394931, 2187.7072193852382, 657.30000614391793, 1498.4192172324629, 2289.7567459693109, 2750.4747341951202, -237.77966317186403, -6227.831827930183, 0.011504748154930095, -226731.35398091679, -42698.677532793648, -64761.420028846886, 333790.80941309099, -32208.815166784523, 1982.3151508070027, -4038.1785080467239, -3185.4410303172353]
Ct_lift = [0.91562155430242798, 0.91559609695327371, 0.91552892497385785, 0.91261055002909919, 0.91222925790521348, 0.91188692052874198, 0.91163124172361032, 0.91147027320586826, -0.080668577035070202, -0.080761053427376855, -0.081030183885617224, -0.081513619133456186, -0.08352889336181496, -0.082084735049854834, -0.082230684348230818, -0.082365607169830504, nan, nan, nan, nan, nan, nan, nan, nan, 0.8829581487649224, 0.88303784172298105, 0.88341972954714021, 0.88407633439885147, 0.88485050116267161, 0.88551433242106337, 0.88605249629263505, 0.88623578018092652, 0.89549477864433069, 0.89867976115893955, 0.89856914720675385, 0.89865096507193298, 0.90025345527559841, 0.89977331788731041, 0.89977095441190347, 0.89979149465593544]
Ct_forward = [-0.010610985021740842, 0.0011301231047724052, -0.0014727859737641629, 0.0092832378848826651, 0.010125444903295595, 0.01008748374621187, 0.010059535140999701, 0.010049523340805045, 0.0024633208631419856, 0.0024437764663246112, 0.0018760653937356928, 0.0021480990632039491, 0.0017557291295447572, 0.00045809987560236362, 0.0010099303819599062, 0.00063654133240718643, -0.00042725303414239437, -0.00042725303414239437, -0.00042725303414239437, -0.00042725303414239437, -0.00042725303414239437, -0.00042725303414239437, -0.00042725303414239437, -0.00042725303414239437, 0.0076079874820364742, 0.0076114231659242439, 0.0076209785243037381, 0.0076287859790325988, 0.0076356911477964305, 0.0076418162435982814, 0.0076456303112850121, 0.0076456216782448301, 0.0088679990480830199, 0.0088722366444264657, 0.0088840972294697024, 0.0089011580700584687, 0.0094193572532055413, 0.0094848606956561728, 0.0089261709483283123, 0.0085945502585211327]


iteration = 8
CL = [-0.061553076546720327, -0.061754324659082843, -0.061771334367589609, -0.061429949287949003, -0.061307838709535982, -0.061455651506371167, -0.06161942183097277, -0.061698477474233501, 0.01212911724023793, 0.012463684671756773, 0.013320784834202681, 0.013954575576590569, 0.014219889349394202, 0.020091387596747154, 0.021123513556070804, 0.022693223212695433, 0.02027053467627201, 0.020270534676642107, 0.02027053467627201, 0.02027053467627201, 0.020270534676642107, 0.02027053467627201, 0.02027053467627201, 0.020270534676642107, 0.076474873653328945, 0.076341342574725787, 0.075980110860561528, 0.075489412757464999, 0.074983927356432764, 0.074560133723845609, 0.074282820740050257, 0.07418681331565434, 0.088875967357997562, 0.08876722790783155, 0.088576136068457753, 0.088384198827910612, 0.093833789671127099, 0.091065437361319224, 0.090361026774699663, 0.090182140431008792]
AoA (deg) = [-0.039162081972210765, -0.039279819309469367, -0.039261376708495409, -0.039001319916036017, -0.038874605591913573, -0.038922517273114715, -0.03899364390674076, -0.039031858366536935, 0.0067692287906501933, 0.0069454161835564359, 0.0073906671787808955, 0.0076909290345280419, 0.0077754070943267875, 0.01090225168118252, 0.011398209437889235, 0.012219912760432957, 0.010547254919343418, 0.010547254919535988, 0.010547254919343418, 0.010547254919343418, 0.010547254919535988, 0.010547254919343418, 0.010547254919343418, 0.010547254919535988, 0.042455897567411492, 0.042455897543599172, 0.042455897532345979, 0.042455897528744548, 0.04245589752790984, 0.042455897529771212, 0.042455897528638258, 0.042455897528683013, 0.054556225894405237, 0.0545130440414811, 0.054460650178531758, 0.054433944089685674, 0.05789449895425329, 0.056274850099481369, 0.055898784881379726, 0.055808939150422156]
Cp_lift = [-137.69360450801642, -6263.9345135976491, -7263.701920013169, -45957.774474510275, -13897.758379345141, 14728.255775017491, 37321.091910740091, 4935.3174154649041, -209.02330342299786, -455.46581748700441, -975.4933635187881, -571.38232868171417, -2325.9040192169778, 447.62632700528002, -475.09989025665044, -9905.5460986549078, 0.0, 0.0, 0.0, 0.0, 0.0, 0.0, 0.0, 0.0, 2.340494035791834, 2.3416750729704425, 2.3415030223381406, 2.3413172438600598, 2.3412469386130366, 2.3415548051475308, 2.3433461318026434, 2.3436590687950845, 45.198979205698976, 766.08474271104637, 2991.3405980338785, 3678.9011973511001, 1319.7176017959696, -192.90106815100594, -126.01496479056391, 11419.084024459207]
Cp_forward = [29225.86409475614, 18732.035571718065, -16671.909485189535, -52069.577022927711, -14462.945159565325, 21451.309878708333, 156350.67076329573, -96882.194597833077, 32107.341870930246, 8548.019472375745, 21393.763624910815, -49095.507051521381, 16800.813650541484, 19561.524272557279, 12486.718804069556, 12258.876402340029, 0.0027349550807394931, 0.0027349550807394931, 0.0027349550807394931, 0.0027349550807394931, 0.0027349550807394931, 0.0027349550807394931, 0.0027349550807394931, 0.0027349550807394931, 2470.9895933725711, 2510.0859022795253, 2715.9240161280841, 285.57473824600646, 2413.1939194559259, -1093.9167413114264, -5677.6156064433762, 0.018436715972807338, -226731.35398091679, -42698.677532793648, -64761.420028846886, 333790.80941309099, -32208.815166784523, 1982.3151508070027, -4038.1785080467239, -3185.4410303172353]
Ct_lift = [0.91563274968182551, 0.91560751683409658, 0.91554101258497256, 0.91261997516273852, 0.91223870849298427, 0.91189624869251618, 0.91163967535839019, 0.91165667402721873, -0.080667898513373221, -0.080760489006174552, -0.08102959956843471, -0.081512337131209714, -0.083525574691126508, -0.082085735576863425, -0.08223221881775139, -0.082366280787375637, nan, nan, nan, nan, nan, nan, nan, nan, 0.88295770606362245, 0.88303617774015319, 0.88341773056866912, 0.88407466834301529, 0.88484940347790131, 0.88551369262509239, 0.88605234884936246, 0.88623578023830474, 0.89549477864433069, 0.89867976115893955, 0.89856914720675385, 0.89865096507193298, 0.90025345527559841, 0.89977331788731041, 0.89977095441190347, 0.89979149465593544]
Ct_forward = [-0.010685541973849546, 0.0011104705412793214, -0.0015113731699571617, 0.0092771363069590433, 0.010126204187386325, 0.010088254931009771, 0.010060319817622355, 0.010050312222894722, 0.0024631794597853468, 0.0024438712657586705, 0.0027612786546792468, 0.0021495548157043553, 0.0017569960504178819, 0.00045478403653532795, 0.0010079745260889606, 0.00086584581593318545, -0.00042721503500823112, -0.00042721503500749787, -0.00042721503500823112, -0.00042721503500823112, -0.00042721503500749787, -0.00042721503500823112, -0.00042721503500823112, -0.00042721503500749787, 0.0076079318651825645, 0.0076113705109289121, 0.0076209340431970937, 0.0076287706803965056, 0.0076356815797478895, 0.0076418116790593913, 0.0076456303213613495, 0.0076456216813912082, 0.0088679990480830199, 0.0088722366444264657, 0.0088840972294697024, 0.0089011580700584687, 0.0094193572532055413, 0.0094848606956561728, 0.0089261709483283123, 0.0085945502585211327]


iteration = 9
CL = [-0.061553076546720327, -0.061754324659082843, -0.061771334367589609, -0.061429949287949003, -0.061307838709535982, -0.061455651506371167, -0.06161942183097277, -0.061698477474233501, 0.012126912040073136, 0.012458317103632757, 0.013313303880570072, 0.013946748764778768, 0.01421281892895602, 0.020087946630702389, 0.021139546470833461, 0.022679100350974493, 0.020261066306680533, 0.020261066306680533, 0.020261066306680533, 0.020261066306680533, 0.020261066306680533, 0.020261066306680533, 0.020261066306680533, 0.020261066306680533, 0.076472698091655703, 0.076339352714376058, 0.075978607764765407, 0.075488534403548552, 0.074983648693591906, 0.074560323573721637, 0.074283300270650873, 0.074187390023878558, 0.089608554638255303, 0.089496856677734396, 0.089299143625045402, 0.08910193499892656, 0.094711386077273238, 0.091861909948771414, 0.091139654724107108, 0.090952199257422275]
AoA (deg) = [-0.039162081972210765, -0.039279819309469367, -0.039261376708495409, -0.039001319916036017, -0.038874605591913573, -0.038922517273114715, -0.03899364390674076, -0.039031858366536935, 0.0067679980741727278, 0.0069424335676540319, 0.0073865523459497135, 0.0076866972347599512, 0.0077716809755435535, 0.01090066355148148, 0.011407219687392129, 0.01221271930318789, 0.010542749812673771, 0.010542749812673771, 0.010542749812673771, 0.010542749812673771, 0.010542749812673771, 0.010542749812673771, 0.010542749812673771, 0.010542749812673771, 0.042455897599827451, 0.042455897571620542, 0.042455897558011157, 0.042455897553580556, 0.042455897552591819, 0.042455897554841915, 0.042455897553466952, 0.042455897553527099, 0.055005681078739883, 0.054960890818608554, 0.054904998630735745, 0.05487584426076153, 0.058435876621538513, 0.05676699749639804, 0.056380446101632328, 0.056285487677438253]
Cp_lift = [-137.69360450801642, -6263.9345135976491, -7263.701920013169, -45957.774474510275, -13897.758379345141, 14728.255775017491, 37321.091910740091, 4935.3174154649041, -210.52221199915365, -467.52841262154732, -1000.5026483824322, -586.38514725801099, -2310.1795753476927, 513.59277877240436, -439.85206493860147, -9910.5606788066343, 0.0, 0.0, 0.0, 0.0, 0.0, 0.0, 0.0, 0.0, 2.341092420919995, 2.3416288413289079, 2.3420432159650737, 2.3418714025288572, 2.3423114674923138, 2.3429089820184208, 2.3450927018867378, 2.3427080753192655, -994.99496484374879, 1107.6711277624797, 186.92717929567243, -1553.1443269446806, 1401.4085978073122, -100.76160073949414, -95.115108745326978, 97826.694462716492]
Cp_forward = [29225.86409475614, 18732.035571718065, -16671.909485189535, -52069.577022927711, -14462.945159565325, 21451.309878708333, 156350.67076329573, -96882.194597833077, 32109.533475169021, 8304.0826270938305, 21338.165911622877, -49040.99686199041, 16493.62762296079, 20604.399170736822, 12044.572059846843, 12280.554841620664, 0.0027349550807394931, 0.0027349550807394931, 0.0027349550807394931, 0.0027349550807394931, 0.0027349550807394931, 0.0027349550807394931, 0.0027349550807394931, 0.0027349550807394931, 1819.0260625992942, -255.91695058454911, 821.92725410009484, 2523.221772891603, 3361.2843908740147, 147.82635029446374, -6112.782398494779, 0.021155040964448892, -278113.07756555936, -19488.547263447628, -47894.267397051015, 322609.91452548781, -24806.23770314606, 1366.2808966495604, -1848.014294932113, -847.18719011100291]
Ct_lift = [0.91563274968182551, 0.91560751683409658, 0.91554101258497256, 0.91261997516273852, 0.91223870849298427, 0.91189624869251618, 0.91163967535839019, 0.91165667402721873, -0.080667986567023384, -0.080760567530319488, -0.08102980760715249, -0.081513125527716918, -0.083521941885036241, -0.082084193007039508, -0.082230637578021681, -0.082364608365578282, nan, nan, nan, nan, nan, nan, nan, nan, 0.88295814878708068, 0.8830378091542761, 0.88341955566642605, 0.88407593705337562, 0.88484985388732396, 0.88551329765888731, 0.88605143451138757, 0.88623467538284395, 0.89821766010721416, 0.89814878165715373, 0.8981273756750987, 0.89824311534803003, 0.89989201053401136, 0.89941094216308337, 0.89941014870526481, 0.89943134147129589]
Ct_forward = [-0.010685541973849546, 0.0011104705412793214, -0.0015113731699571617, 0.0092771363069590433, 0.010126204187386325, 0.010088254931009771, 0.010060319817622355, 0.010050312222894722, 0.0024638409211042078, 0.0024446715862479302, 0.0018788413576599384, 0.0021512260283524636, 0.0017553000105310405, 0.00045349587667026676, 0.001009967259457361, -0.0001106850101717, -0.00042725303414239437, -0.00042725303414239437, -0.00042725303414239437, -0.00042725303414239437, -0.00042725303414239437, -0.00042725303414239437, -0.00042725303414239437, -0.00042725303414239437, 0.0076079874830787177, 0.007611422138288036, 0.007620974656742943, 0.0076287823308645126, 0.0076356855051568856, 0.0076418088587694938, 0.007645630362219301, 0.0076456217314211841, 0.0088341709568003132, 0.0088383869791059839, 0.0088501893394831652, 0.0088664415563339451, 0.0091682009699503592, 0.0092293927290610957, 0.0084067535700470142, 0.0079354607707013986]


