iteration = 1 , objective = -54.0907992132, inputs = [1.0, 1.0, 1.0, 1.0, 1.0, 1.0, 1.0, 1.0, 1.0, 1.0, 1.0, 1.0, 1.0, 1.0, 1.0, 1.0, 1.0, 1.0, 1.0, 1.0], constraints = [1.0, -1.0, 1.0, 1.0, 1.0, -1.0]
iteration = 2 , objective = -54.0907992132, inputs = [1.0000000149011612, 1.0, 1.0, 1.0, 1.0, 1.0, 1.0, 1.0, 1.0, 1.0, 1.0, 1.0, 1.0, 1.0, 1.0, 1.0, 1.0, 1.0, 1.0, 1.0], constraints = [1.0, -1.0, -1.0, 1.0, 1.0, -1.0]
iteration = 3 , objective = -54.0907992132, inputs = [1.0, 1.0000000149011612, 1.0, 1.0, 1.0, 1.0, 1.0, 1.0, 1.0, 1.0, 1.0, 1.0, 1.0, 1.0, 1.0, 1.0, 1.0, 1.0, 1.0, 1.0], constraints = [1.0, -1.0, -1.0, 1.0, 1.0, -1.0]
iteration = 4 , objective = -54.0907994367, inputs = [1.0, 1.0, 1.0000000149011612, 1.0, 1.0, 1.0, 1.0, 1.0, 1.0, 1.0, 1.0, 1.0, 1.0, 1.0, 1.0, 1.0, 1.0, 1.0, 1.0, 1.0], constraints = [1.0, -1.0, 1.0, 1.0, 1.0, -1.0]
iteration = 5 , objective = -54.0907992132, inputs = [1.0, 1.0, 1.0, 1.0000000149011612, 1.0, 1.0, 1.0, 1.0, 1.0, 1.0, 1.0, 1.0, 1.0, 1.0, 1.0, 1.0, 1.0, 1.0, 1.0, 1.0], constraints = [1.0, -1.0, -1.0, 1.0, 1.0, -1.0]
iteration = 6 , objective = -54.0907992636, inputs = [1.0, 1.0, 1.0, 1.0, 1.0000000149011612, 1.0, 1.0, 1.0, 1.0, 1.0, 1.0, 1.0, 1.0, 1.0, 1.0, 1.0, 1.0, 1.0, 1.0, 1.0], constraints = [1.0, 1.0, -1.0, 1.0, 1.0, -1.0]
iteration = 7 , objective = -54.090799468, inputs = [1.0, 1.0, 1.0, 1.0, 1.0, 1.0000000149011612, 1.0, 1.0, 1.0, 1.0, 1.0, 1.0, 1.0, 1.0, 1.0, 1.0, 1.0, 1.0, 1.0, 1.0], constraints = [1.0, -1.0, -1.0, 1.0, 1.0, -1.0]
iteration = 8 , objective = -54.0907993742, inputs = [1.0, 1.0, 1.0, 1.0, 1.0, 1.0, 1.0000000149011612, 1.0, 1.0, 1.0, 1.0, 1.0, 1.0, 1.0, 1.0, 1.0, 1.0, 1.0, 1.0, 1.0], constraints = [1.0, -1.0, 1.0, 1.0, 1.0, -1.0]
iteration = 9 , objective = -54.0907993299, inputs = [1.0, 1.0, 1.0, 1.0, 1.0, 1.0, 1.0, 1.0000000149011612, 1.0, 1.0, 1.0, 1.0, 1.0, 1.0, 1.0, 1.0, 1.0, 1.0, 1.0, 1.0], constraints = [1.0, -1.0, 1.0, 1.0, 1.0, -1.0]
iteration = 10 , objective = -54.0907991106, inputs = [1.0, 1.0, 1.0, 1.0, 1.0, 1.0, 1.0, 1.0, 1.0000000149011612, 1.0, 1.0, 1.0, 1.0, 1.0, 1.0, 1.0, 1.0, 1.0, 1.0, 1.0], constraints = [1.0, -1.0, 1.0, 1.0, 1.0, -1.0]
iteration = 11 , objective = -54.0907998782, inputs = [1.0, 1.0, 1.0, 1.0, 1.0, 1.0, 1.0, 1.0, 1.0, 1.0000000149011612, 1.0, 1.0, 1.0, 1.0, 1.0, 1.0, 1.0, 1.0, 1.0, 1.0], constraints = [1.0, -1.0, -1.0, 1.0, 1.0, -1.0]
iteration = 12 , objective = -54.0907992333, inputs = [1.0, 1.0, 1.0, 1.0, 1.0, 1.0, 1.0, 1.0, 1.0, 1.0, 1.0000000149011612, 1.0, 1.0, 1.0, 1.0, 1.0, 1.0, 1.0, 1.0, 1.0], constraints = [1.0, -1.0, 1.0, 1.0, 1.0, -1.0]
iteration = 13 , objective = -54.0907991629, inputs = [1.0, 1.0, 1.0, 1.0, 1.0, 1.0, 1.0, 1.0, 1.0, 1.0, 1.0, 1.0000000149011612, 1.0, 1.0, 1.0, 1.0, 1.0, 1.0, 1.0, 1.0], constraints = [1.0, -1.0, -1.0, 1.0, 1.0, -1.0]
iteration = 14 , objective = -54.0907989584, inputs = [1.0, 1.0, 1.0, 1.0, 1.0, 1.0, 1.0, 1.0, 1.0, 1.0, 1.0, 1.0, 1.0000000149011612, 1.0, 1.0, 1.0, 1.0, 1.0, 1.0, 1.0], constraints = [1.0, -1.0, -1.0, 1.0, 1.0, -1.0]
iteration = 15 , objective = -54.0907990522, inputs = [1.0, 1.0, 1.0, 1.0, 1.0, 1.0, 1.0, 1.0, 1.0, 1.0, 1.0, 1.0, 1.0, 1.0000000149011612, 1.0, 1.0, 1.0, 1.0, 1.0, 1.0], constraints = [1.0, -1.0, -1.0, 1.0, 1.0, -1.0]
iteration = 16 , objective = -54.0907990965, inputs = [1.0, 1.0, 1.0, 1.0, 1.0, 1.0, 1.0, 1.0, 1.0, 1.0, 1.0, 1.0, 1.0, 1.0, 1.0000000149011612, 1.0, 1.0, 1.0, 1.0, 1.0], constraints = [1.0, -1.0, -1.0, 1.0, 1.0, -1.0]
iteration = 17 , objective = -54.0907992132, inputs = [1.0, 1.0, 1.0, 1.0, 1.0, 1.0, 1.0, 1.0, 1.0, 1.0, 1.0, 1.0, 1.0, 1.0, 1.0, 1.0000000149011612, 1.0, 1.0, 1.0, 1.0], constraints = [1.0, -1.0, -1.0, 1.0, 1.0, -1.0]
iteration = 18 , objective = -54.0907992132, inputs = [1.0, 1.0, 1.0, 1.0, 1.0, 1.0, 1.0, 1.0, 1.0, 1.0, 1.0, 1.0, 1.0, 1.0, 1.0, 1.0, 1.0000000149011612, 1.0, 1.0, 1.0], constraints = [1.0, -1.0, 1.0, 1.0, 1.0, -1.0]
iteration = 19 , objective = -54.0907992132, inputs = [1.0, 1.0, 1.0, 1.0, 1.0, 1.0, 1.0, 1.0, 1.0, 1.0, 1.0, 1.0, 1.0, 1.0, 1.0, 1.0, 1.0, 1.0000000149011612, 1.0, 1.0], constraints = [1.0, -1.0, -1.0, 1.0, 1.0, -1.0]
iteration = 20 , objective = -54.0907992132, inputs = [1.0, 1.0, 1.0, 1.0, 1.0, 1.0, 1.0, 1.0, 1.0, 1.0, 1.0, 1.0, 1.0, 1.0, 1.0, 1.0, 1.0, 1.0, 1.0000000149011612, 1.0], constraints = [1.0, -1.0, -1.0, 1.0, 1.0, -1.0]
iteration = 21 , objective = -54.0907992132, inputs = [1.0, 1.0, 1.0, 1.0, 1.0, 1.0, 1.0, 1.0, 1.0, 1.0, 1.0, 1.0, 1.0, 1.0, 1.0, 1.0, 1.0, 1.0, 1.0, 1.0000000149011612], constraints = [1.0, -1.0, -1.0, 1.0, 1.0, -1.0]
iteration = 22 , objective = -54.0907992132, inputs = [1.0, 1.0, 1.0, 1.0, 1.0, 1.0, 1.0, 1.0, 1.0, 1.0, 1.0, 1.0, 1.0, 1.0, 1.0, 1.0, 1.0, 1.0, 1.0, 1.0], constraints = [1.0, -1.0, -1.0, 1.0, 1.0, -1.0]
iteration = 23 , objective = -54.0907992132, inputs = [1.0000000149011612, 1.0, 1.0, 1.0, 1.0, 1.0, 1.0, 1.0, 1.0, 1.0, 1.0, 1.0, 1.0, 1.0, 1.0, 1.0, 1.0, 1.0, 1.0, 1.0], constraints = [1.0, -1.0, -1.0, 1.0, 1.0, -1.0]
iteration = 24 , objective = -54.0907992132, inputs = [1.0, 1.0000000149011612, 1.0, 1.0, 1.0, 1.0, 1.0, 1.0, 1.0, 1.0, 1.0, 1.0, 1.0, 1.0, 1.0, 1.0, 1.0, 1.0, 1.0, 1.0], constraints = [1.0, -1.0, 1.0, 1.0, 1.0, -1.0]
iteration = 25 , objective = -54.0907994367, inputs = [1.0, 1.0, 1.0000000149011612, 1.0, 1.0, 1.0, 1.0, 1.0, 1.0, 1.0, 1.0, 1.0, 1.0, 1.0, 1.0, 1.0, 1.0, 1.0, 1.0, 1.0], constraints = [1.0, -1.0, -1.0, 1.0, 1.0, -1.0]
iteration = 26 , objective = -54.0907992132, inputs = [1.0, 1.0, 1.0, 1.0000000149011612, 1.0, 1.0, 1.0, 1.0, 1.0, 1.0, 1.0, 1.0, 1.0, 1.0, 1.0, 1.0, 1.0, 1.0, 1.0, 1.0], constraints = [1.0, -1.0, -1.0, 1.0, 1.0, -1.0]
iteration = 27 , objective = -54.0907992636, inputs = [1.0, 1.0, 1.0, 1.0, 1.0000000149011612, 1.0, 1.0, 1.0, 1.0, 1.0, 1.0, 1.0, 1.0, 1.0, 1.0, 1.0, 1.0, 1.0, 1.0, 1.0], constraints = [1.0, -1.0, -1.0, 1.0, 1.0, -1.0]
iteration = 28 , objective = -54.090799468, inputs = [1.0, 1.0, 1.0, 1.0, 1.0, 1.0000000149011612, 1.0, 1.0, 1.0, 1.0, 1.0, 1.0, 1.0, 1.0, 1.0, 1.0, 1.0, 1.0, 1.0, 1.0], constraints = [1.0, -1.0, -1.0, 1.0, 1.0, -1.0]
iteration = 29 , objective = -54.0907993742, inputs = [1.0, 1.0, 1.0, 1.0, 1.0, 1.0, 1.0000000149011612, 1.0, 1.0, 1.0, 1.0, 1.0, 1.0, 1.0, 1.0, 1.0, 1.0, 1.0, 1.0, 1.0], constraints = [1.0, -1.0, -1.0, 1.0, 1.0, -1.0]
iteration = 30 , objective = -54.0907993299, inputs = [1.0, 1.0, 1.0, 1.0, 1.0, 1.0, 1.0, 1.0000000149011612, 1.0, 1.0, 1.0, 1.0, 1.0, 1.0, 1.0, 1.0, 1.0, 1.0, 1.0, 1.0], constraints = [1.0, 1.0, 1.0, 1.0, 1.0, -1.0]
iteration = 31 , objective = -54.0907991106, inputs = [1.0, 1.0, 1.0, 1.0, 1.0, 1.0, 1.0, 1.0, 1.0000000149011612, 1.0, 1.0, 1.0, 1.0, 1.0, 1.0, 1.0, 1.0, 1.0, 1.0, 1.0], constraints = [1.0, -1.0, 1.0, 1.0, 1.0, -1.0]
iteration = 32 , objective = -54.0907998782, inputs = [1.0, 1.0, 1.0, 1.0, 1.0, 1.0, 1.0, 1.0, 1.0, 1.0000000149011612, 1.0, 1.0, 1.0, 1.0, 1.0, 1.0, 1.0, 1.0, 1.0, 1.0], constraints = [1.0, -1.0, -1.0, 1.0, 1.0, -1.0]
iteration = 33 , objective = -54.0907992333, inputs = [1.0, 1.0, 1.0, 1.0, 1.0, 1.0, 1.0, 1.0, 1.0, 1.0, 1.0000000149011612, 1.0, 1.0, 1.0, 1.0, 1.0, 1.0, 1.0, 1.0, 1.0], constraints = [1.0, -1.0, 1.0, 1.0, 1.0, -1.0]
iteration = 34 , objective = -54.0907991629, inputs = [1.0, 1.0, 1.0, 1.0, 1.0, 1.0, 1.0, 1.0, 1.0, 1.0, 1.0, 1.0000000149011612, 1.0, 1.0, 1.0, 1.0, 1.0, 1.0, 1.0, 1.0], constraints = [1.0, -1.0, -1.0, 1.0, 1.0, -1.0]
